0	0.500000
303	0.500000
381	0.500000
459	0.500000
465	0.500000
472	0.500000
527	0.500000
541	0.500000
581	0.500000
594	0.500000
611	0.500000
654	0.500000
784	0.500000
793	0.500000
800	0.500000
860	0.500000
870	0.500000
879	0.500000
886	0.500000
895	0.500000
901	0.500000
909	0.500000
917	0.500000
924	0.500000
930	0.500000
952	0.500000
971	0.500000
992	0.500000
1000	0.500000
1031	0.500000
1039	0.500000
1047	0.500000
1074	0.500000
1117	0.500000
1163	0.500000
1202	0.500000
1245	0.500000
1325	0.500000
1403	0.500000
1411	0.500000
1421	0.500000
1471	0.500000
1497	0.500000
1545	0.500000
1562	0.500000
1583	0.500000
1625	0.500000
1667	0.500000
1717	0.500000
1728	0.500000
1735	0.500000
1743	0.500000
1750	0.500000
1758	0.500000
1795	0.500000
1810	0.500000
1839	0.500000
1851	0.500000
1879	0.500000
1889	0.500000
1922	0.500000
1946	0.500000
1967	0.500000
1988	0.500000
2013	0.500000
2026	0.500000
2060	0.500000
2082	0.500000
2109	0.500000
2158	0.500000
2235	0.500000
2346	0.500000
2435	0.500000
2517	0.500000
2526	0.500000
2535	0.500000
2588	0.500000
2614	0.500000
2637	0.500000
2655	0.500000
2672	0.500000
2696	0.500000
2744	0.500000
2836	0.500000
2890	0.500000
2898	0.500000
2903	0.500000
2911	0.500000
2934	0.500000
2980	0.500000
2992	0.500000
3003	0.500000
3012	0.500000
3023	0.500000
3033	0.500000
3042	0.500000
3051	0.500000
3060	0.500000
3074	0.500000
3079	0.500000
3085	0.500000
3092	0.500000
3099	0.500000
3123	0.500000
3148	0.500000
3196	0.500000
3217	0.500000
3240	0.500000
3262	0.500000
3287	0.500000
3333	0.500000
3378	0.500000
3435	0.500000
3460	0.500000
3482	0.500000
3504	0.500000
3531	0.500000
3585	0.500000
3634	0.500000
3697	0.500000
3708	0.500000
3739	0.500000
3763	0.500000
3785	0.500000
3807	0.500000
3835	0.500000
3889	0.500000
3917	0.500000
3946	0.500000
4012	0.500000
4023	0.500000
4054	0.500000
4081	0.500000
4103	0.500000
4124	0.500000
4152	0.500000
4201	0.500000
4226	0.500000
4255	0.500000
4310	0.500000
4375	0.500000
4407	0.500000
4463	0.500000
4475	0.500000
4485	0.500000
4499	0.500000
4527	0.500000
4556	0.500000
4750	0.500000
4764	0.500000
4799	0.500000
4843	0.500000
4849	0.500000
4875	0.500000
4888	0.500000
4899	0.500000
4907	0.500000
4915	0.500000
4922	0.500000
4927	0.500000
4933	0.500000
4963	0.500000
4972	0.500000
4980	0.500000
4990	0.500000
4999	0.500000
5028	0.500000
5055	0.500000
5080	0.500000
5101	0.500000
5127	0.500000
5177	0.500000
5229	0.500000
5289	0.500000
5339	0.500000
5365	0.500000
5389	0.500000
5411	0.500000
5422	0.500000
5437	0.500000
5483	0.500000
5539	0.500000
5547	0.500000
5560	0.500000
5588	0.500000
5599	0.500000
5610	0.500000
5619	0.500000
5633	0.500000
5686	0.500000
5706	0.500000
5735	0.500000
5759	0.500000
5786	0.500000
5837	0.500000
5886	0.500000
5936	0.500000
5948	0.500000
5959	0.500000
5984	0.500000
6005	0.500000
6036	0.500000
6068	0.500000
6092	0.500000
6139	0.500000
6161	0.500000
6190	0.500000
6201	0.500000
6211	0.500000
6221	0.500000
6234	0.500000
6247	0.500000
6283	0.500000
6296	0.500000
6333	0.500000
6368	0.500000
6393	0.500000
6443	0.500000
6464	0.500000
6489	0.500000
6512	0.500000
6541	0.500000
6593	0.500000
6617	0.500000
6650	0.500000
6679	0.500000
6710	0.500000
6732	0.500000
6762	0.500000
6816	0.500000
6877	0.500000
6911	0.500000
6938	0.500000
6965	0.500000
6977	0.500000
6994	0.500000
7024	0.500000
7052	0.500000
7243	0.500000
7293	0.500000
7316	0.500000
7341	0.500000
7390	0.500000
7487	0.500000
7509	0.500000
7535	0.500000
7546	0.500000
7582	0.500000
7590	0.500000
7602	0.500000
7629	0.500000
7658	0.500000
7682	0.500000
7728	0.500000
7778	0.500000
7803	0.500000
7828	0.500000
7852	0.500000
7876	0.500000
7899	0.500000
7924	0.500000
7948	0.500000
7972	0.500000
7996	0.500000
8022	0.500000
8048	0.500000
8072	0.500000
8127	0.500000
8154	0.500000
8178	0.500000
8201	0.500000
8225	0.500000
8250	0.500000
8275	0.500000
8299	0.500000
8326	0.500000
8352	0.500000
8378	0.500000
8404	0.500000
8434	0.500000
8466	0.500000
8489	0.500000
8512	0.500000
8537	0.500000
8560	0.500000
8583	0.500000
8606	0.500000
8631	0.500000
8653	0.500000
8677	0.500000
8701	0.500000
8726	0.500000
8750	0.500000
8773	0.500000
8796	0.500000
8820	0.500000
8846	0.500000
8869	0.500000
8894	0.500000
8918	0.500000
8943	0.500000
8967	0.500000
8994	0.500000
9026	0.500000
9060	0.500000
9086	0.500000
9110	0.500000
9134	0.500000
9160	0.500000
9214	0.500000
9245	0.500000
9279	0.500000
9305	0.500000
9331	0.500000
9360	0.500000
9387	0.500000
9413	0.500000
9439	0.500000
9470	0.500000
9503	0.500000
9581	0.500000
9628	0.500000
9731	0.500000
